
matriks persamaan awal:
72.40	76.30	29.18	0.90
41.60	70.30	29.35	0.91
34.30	77.10	29.24	0.96
35.10	68.00	29.27	0.89
10.70	79.00	29.78	1.00
12.90	67.40	29.39	1.10
8.30	66.80	29.69	1.15
20.10	76.90	29.48	1.03
72.20	77.70	29.09	0.77
24.00	67.70	29.60	1.07
23.20	76.80	29.38	1.07
47.40	86.60	29.35	0.94
31.50	76.90	29.63	1.10
10.60	86.30	29.56	1.10
11.20	86.00	29.48	1.10
73.30	76.30	29.40	0.91
75.40	77.90	29.28	0.87
96.60	78.70	29.29	0.78
107.40	86.80	29.03	0.82
54.90	70.90	29.37	0.95

matriks persamaan normal:
20.00	863.10	1530.40	587.84	19.42
863.10	54876.89	67000.09	25283.40	779.48
1530.40	67000.09	117912.32	44976.87	1483.44
587.84	25283.40	44976.87	17278.51	571.12

solusi persamaan normal:
1.00	0.00	0.00	0.00	-3.51
0.00	1.00	0.00	0.00	-0.00
0.00	0.00	1.00	0.00	0.00
0.00	0.00	0.00	1.00	0.15

konstanta B:
[-3.5113497, -0.0026244328, 7.9925323E-4, 0.1542749]

hasil taksiran:
1.00	2.00	3.00	-3.05
2.00	2.00	2.00	-3.21
4.00	5.00	6.00	-2.59
